SYLECTUS_COOKIE="ASP.NET_SessionId=vt4h0khh5e4nc5ydy34utmgb; amp_fa96da=V8Oi1BD2ct5WtqSpg6c_P9..1.1ivvd70g6.1ivvd70g6.0.0.0; _gid=GA1.2.1695283281.1752326964; _gat_gtag_UA_9515119_2=1; _ga=GA1.1.2015870212.1752326964; _ga_EYV2RR8LL1=GS2.1.s1752326963$o1$g0$t1752326963$j60$l0$h0; loginid=2103390; amp_5c7231=DQ4bqiZybq7WvWJ8ehGQlq...1ivvd7cou.1ivvd7cou.0.0.0; loginuser=30623; GPSID=125772258697652524014869178_2103390_20250712093031; ASPSESSIONIDQWTTCQSR=CNJAHMIAEDMNPEOJOIKEJCLL; _ga_EYV2RR8LL1=GS2.1.s1752326963$o1$g1$t1752327037$j57$l0$h0; _ga=GA1.2.2015870212.1752326964; amp_5c7231=DQ4bqiZybq7WvWJ8ehGQlq...1ivvd7cou.1ivvd9959.0.0.0"
TELEGRAM_BOT_TOKEN=6331983207:AAEzrXpH7ISNP7dz9ZgXBfBadE6TpDxWwLw
TELEGRAM_CHAT_ID=6547104920
CHECK_INTERVAL=120